mfcc3: 0.10124394356015962
zero_crossing_rate: 0.0873949273548663
mfcc9: 0.06967935970546003
spectral_centroid: 0.06726655070937161
spectral_rolloff: 0.06479933855561869
mfcc7: 0.05612332939052262
mfcc5: 0.055520107350534156
mfcc8: 0.053908305652391963
mfcc1: 0.050749646608977246
mfcc13: 0.0457880179553748
mfcc10: 0.03881550193720828
spectral_bandwidth: 0.03569787132960628
rms_energy: 0.027657289396809396
mfcc6: 0.024107166314980534
mfcc2: 0.02356138096977246
mfcc11: 0.020199107075240898
mfcc4: 0.018291055952771404
chroma8: 0.0157186125229842
chroma2: 0.015504531066193906
chroma3: 0.014829001441325484
chroma4: 0.01450890524395227
chroma9: 0.014107512561425934
chroma5: 0.01353799598334835
chroma10: 0.011763648688183812
mfcc12: 0.011504691280829397
chroma12: 0.010947123762089395
chroma7: 0.010188661778526358
chroma1: 0.009717772550111024
chroma6: 0.008955928998951616
chroma11: 0.007912714302411953
