mfcc3: 0.08830838198831822
spectral_centroid: 0.08776488631921456
zero_crossing_rate: 0.08012701430535296
mfcc9: 0.06258419736485016
mfcc7: 0.058776558514473685
mfcc1: 0.05779281968505081
spectral_rolloff: 0.053678075891523805
mfcc5: 0.05207089714844465
mfcc8: 0.051762166665863925
mfcc13: 0.04660559957231012
mfcc10: 0.037611361837481094
spectral_bandwidth: 0.03496652545295413
mfcc2: 0.03268898286291306
rms_energy: 0.031319373210042106
mfcc6: 0.027638869395024235
mfcc11: 0.021217627556694253
chroma8: 0.018099699274032068
mfcc4: 0.017494029106759713
chroma3: 0.015551175094661609
chroma4: 0.01498655146787345
chroma2: 0.013976776699608482
mfcc12: 0.013813804543686919
chroma9: 0.01212467266174887
chroma12: 0.012032718498144938
chroma10: 0.011540908741011597
chroma6: 0.011136979857873047
chroma7: 0.009187101013492054
chroma5: 0.008961846721265937
chroma11: 0.008147150950923533
chroma1: 0.008033247598406018
